0 176 fs_join MASTER_ID
1 13         4.98768071
1 65          5.5238213
1 152         6.49068251
1 47          8.7792996
1 71         11.2464514
1 169         11.3952567
1 70         13.1507414
1 122         14.7370208
2 111         2.84397323
2 133         3.44619261
2 12         4.39209022
2 90         8.67111607
2 78          8.8367687
2 138          9.7518238
2 174         10.5307987
2 82         13.9695046
3 127         5.12610141
3 154         6.86627825
3 168          8.4117132
3 160         9.34022892
3 87         11.4414002
3 78         11.8806429
3 111         12.5167231
3 91         14.1912303
4 158         9.12765487
4 107          9.6926746
4 106         12.4429266
4 117         12.6906996
4 146         13.7057004
4 110         14.1129719
4 109         15.1827335
4 100         15.4315448
5 7         3.98046673
5 63         5.71636867
5 82         8.92101778
5 78         9.23489141
5 160         9.52913108
5 90         11.0919618
5 150         11.6993239
5 12         14.1673389
6 105         1.69208523
6 113         1.83950817
6 147         2.98228066
6 67         3.02050048
6 18         3.78978943
6 26         5.41103473
6 73          5.4152991
6 74         6.05971472
7 63          2.3693977
7 5         3.98046673
7 82         7.33329188
7 150          8.3249671
7 93         11.0721409
7 90         11.2731539
7 78         11.9344715
7 85         12.1732389
8 62         4.49967638
8 33         5.02770639
8 157         8.36930682
8 51         9.31910879
8 37         10.7310099
8 34         11.4001322
8 41         14.1132078
8 118         15.2711133
9 36         6.11964491
9 167         9.43646225
9 125         13.7188025
9 19         18.4691391
9 24         27.1540163
9 126         27.6032867
9 48         36.2352575
9 122         40.3738663
10 131         11.4272144
10 23         15.0107421
10 155         16.8048498
10 59         23.3757876
10 115          30.763388
10 27         31.2939352
10 135         36.1174208
10 58         37.5415265
11 142         1.62173571
11 56         2.46130934
11 73         3.34580272
11 80         4.52348942
11 18         5.00249534
11 66         5.13491123
11 74         5.29046876
11 97         5.46630704
12 133         1.10256766
12 90         4.33064031
12 2         4.39209022
12 111         5.65311731
12 138         6.44520192
12 78         7.39682431
12 82         9.64641363
12 174         10.8650303
13 152         2.22757255
13 65         2.37052428
13 1         4.98768071
13 70         8.40722682
13 169         8.97585884
13 122         9.76052964
13 47         12.3331543
13 71          14.899447
14 171         6.59693048
14 176         6.84174456
14 140          6.9580335
14 98         8.62277089
14 173         8.84368795
14 175         9.59485486
14 116         12.7269685
14 104         13.8012162
15 99         1.66974576
15 119         1.90057554
15 60         4.57914516
15 151         5.24364492
15 66         5.73436543
15 45         8.23722462
15 11         9.95492901
15 80         10.3334175
16 25          3.5432063
16 20         6.80950066
16 121         7.68305382
16 77         10.7101961
16 153          13.863306
16 92         14.5395216
16 170         17.5946746
16 30         18.4330563
17 68         2.24285439
17 72         2.37621125
17 54         3.47728893
17 123         5.70100576
17 39         8.40661436
17 40         8.52855726
17 42         10.6789843
17 84         11.4157698
18 73         1.67827562
18 113         2.01166355
18 147         3.02199159
18 74         3.41133261
18 142         3.54758314
18 6         3.78978943
18 105         4.67892443
18 97          4.8490958
19 125         9.05364712
19 126         12.2961962
19 24         12.9682153
19 167         18.2674195
19 9         18.4691391
19 36         19.9141079
19 48         20.5220885
19 70         22.2481724
20 16         6.80950066
20 153         7.54719253
20 92         7.73425378
20 25         8.69925365
20 170         10.7869385
20 30          11.944305
20 121         14.4191502
20 76         15.3983331
21 156         1.76271424
21 64          3.9310502
21 166         4.85728869
21 118         5.76259123
21 81         8.15199261
21 51         8.85256397
21 157         9.48469485
21 106          9.6831717
22 95         4.51542663
22 94         4.55236207
22 52         5.60490424
22 164         5.62267691
22 102         6.36048556
22 134         8.28887777
22 128         8.76099153
22 97         9.82563458
23 131         9.15256873
23 59         13.9579621
23 10         15.0107421
23 58         24.2903091
23 155         31.3841641
23 124         36.7406541
23 115         42.4673562
23 27         43.8386628
24 19         12.9682153
24 125         13.4780376
24 122         15.2210125
24 70         16.6904572
24 126         21.3289868
24 167         22.1553511
24 169         22.2026856
24 152         23.3362727
25 16          3.5432063
25 121           6.544705
25 20         8.69925365
25 77         11.7417374
25 92         16.0383123
25 153         16.2098295
25 35         16.2411978
25 170         19.1700871
26 159         2.56212804
26 134         3.09337446
26 105         3.72006854
26 67         4.21518951
26 147          4.6048358
26 6         5.41103473
26 102         5.49184077
26 113         5.97834154
27 115         3.61261975
27 144         11.2784961
27 30         12.7224576
27 170         14.7482184
27 135          16.326853
27 155         16.7888964
27 153         17.2833928
27 92         17.7289962
28 137         1.35862521
28 162         5.26679569
28 161         5.71954753
28 34         6.25059324
28 86           8.866965
28 175         10.3106616
28 104         10.8052328
28 41         13.6745017
29 42         58.7062858
29 71            60.5043
29 75         61.4258361
29 114         61.4296206
29 47         61.8829776
29 84         62.1641181
29 17          63.985518
29 72         64.4902546
30 170         4.18560371
30 153         4.59671884
30 92         5.90157567
30 144         11.4194717
30 76         11.8214596
30 20          11.944305
30 27         12.7224576
30 115           13.19638
31 41         8.97607075
31 117         9.49412002
31 37          11.343133
31 148         11.4877659
31 100         11.7003694
31 118         12.0308152
31 51         15.5061092
31 49         15.7972535
32 112         7.74949541
32 76         14.7020015
32 77         15.3447198
32 16         18.8653411
32 20          20.847886
32 121         20.8993017
32 153         21.6678635
32 25         22.0676669
33 62         3.43455132
33 8         5.02770639
33 37         6.98175772
33 51         7.82930096
33 157         8.20384041
33 34         8.67307396
33 41         9.08754312
33 118          12.632191
34 28         6.25059324
34 137         6.32394027
34 33         8.67307396
34 162         9.66995618
34 41         9.96576488
34 175         11.3593491
34 8         11.4001322
34 161         11.6583988
35 103         10.2411212
35 25         16.2411978
35 20         17.0611137
35 92         18.1173418
35 16         18.6062131
35 170         20.1070453
35 121         21.5615305
35 153         21.6563956
36 9         6.11964491
36 167         15.4814756
36 125         17.7791504
36 19         19.9141079
36 126         26.5292303
36 24         30.6261381
36 48         34.7986823
36 70         42.1302754
37 51         4.60736583
37 118         6.06572186
37 62         6.34755031
37 157         6.71414185
37 33         6.98175772
37 41         7.78984019
37 8         10.7310099
37 21         11.1293303
38 101         8.41315677
38 104         9.16614843
38 116         9.59005554
38 161          10.095368
38 86         13.3729894
38 139         14.0088636
38 176         15.3367982
38 175         15.6454267
39 123         3.34449685
39 40         3.57689377
39 129         4.33896669
39 72         6.11410731
39 84         7.11849008
39 54          7.2618029
39 17         8.40661436
39 68         9.21130841
40 123         2.99204471
40 39         3.57689377
40 129         4.34495875
40 54         6.00641281
40 72          6.7935294
40 68         8.42039012
40 17         8.52855726
40 84         10.6824391
41 37         7.78984019
41 31         8.97607075
41 33         9.08754312
41 34         9.96576488
41 62         11.2565843
41 148         12.0099621
41 51         12.1838761
41 118         12.7414821
42 84         3.83154034
42 71         6.37481187
42 47         8.90035136
42 72         9.15780129
42 39         9.47175055
42 123         10.6659393
42 17         10.6789843
42 54         12.6499922
43 61         10.4335009
43 141           11.04277
43 132         11.4065424
43 109         15.1880837
43 69         15.6994611
43 143          15.856703
43 96         19.0893642
43 106         21.6552738
44 93         2.89412747
44 79          4.0790683
44 85          5.2050496
44 150         5.28346993
44 159         8.58240632
44 49         9.18430831
44 82         10.7378678
44 26          11.107342
45 66         6.14861162
45 119         6.34728248
45 15         8.23722462
45 99         8.23777098
45 149         9.05470967
45 56         9.37338903
45 151         10.4902408
45 11         10.5993471
46 55         4.30439865
46 53           5.191409
46 174         6.45522329
46 145         6.56659261
46 86         12.1717385
46 138          12.439106
46 148         12.6996158
46 162         14.6110414
47 71         2.56674371
47 84         6.86992925
47 1          8.7792996
47 42         8.90035136
47 65         11.1192209
47 13         12.3331543
47 152         12.4512632
47 169         12.5451317
48 126         8.69523484
48 129         10.1078963
48 40          12.808245
48 39         14.3799383
48 169         14.9106577
48 123         15.7596723
48 54         18.4509945
48 72         19.5660529
49 79         7.04328038
49 85         8.39420818
49 44         9.18430831
49 93         9.55712918
49 100         11.8614148
49 150         12.1286019
49 148         12.6639711
49 53          14.301938
50 163          10.513237
50 60         12.4578217
50 15         13.0569561
50 130         13.4835037
50 146         13.5808605
50 119         13.8460646
50 99         14.6343474
50 75         15.7863678
51 157         2.26884795
51 37         4.60736583
51 62         5.12048226
51 118         6.14044807
51 33         7.82930096
51 21         8.85256397
51 156         9.22702769
51 8         9.31910879
52 94         2.04198045
52 95         3.86868162
52 22         5.60490424
52 57         5.84807523
52 128         9.19001871
52 149         10.0020843
52 164         11.1534292
52 102         11.7946759
53 46           5.191409
53 55         6.77449024
53 174         8.74235558
53 148         8.92530187
53 138         10.3983891
53 145          11.645502
53 49          14.301938
53 86         14.8586088
54 68         2.46606119
54 17         3.47728893
54 72         3.55585641
54 123          3.9353194
54 40         6.00641281
54 39          7.2618029
54 129         10.2093774
54 84         12.3625546
55 46         4.30439865
55 145          6.7517317
55 53         6.77449024
55 86         8.28437694
55 162         10.3071669
55 174          10.739113
55 148         10.8906009
55 137         14.3850731
56 11         2.46130934
56 142         3.65531354
56 97         4.28033884
56 128         4.70918425
56 73         4.72185279
56 74         4.82115557
56 66         5.13752862
56 18         6.08860061
57 52         5.84807523
57 120         6.53865141
57 94         7.78155898
57 95         9.48886209
57 149         9.70363031
57 22         11.1185335
57 128         14.1808476
57 164          16.318088
58 124         22.2709423
58 23         24.2903091
58 59         31.5184947
58 131         33.2439612
58 10         37.5415265
58 155         54.3291703
58 115         66.7279128
58 27         67.9768824
59 131         11.9753199
59 23         13.9579621
59 10         23.3757876
59 58         31.5184947
59 155          35.982505
59 135         38.8135833
59 83         39.7088725
59 115          41.283314
60 15         4.57914516
60 99         4.80062838
60 151         5.78095637
60 119         6.47770176
60 146         8.66489314
60 66         9.09340784
60 80         10.1856169
60 11         11.7236896
61 141         1.29634371
61 132          1.4744732
61 69         5.37063128
61 143         6.06849793
61 109           8.479226
61 96         9.27441333
61 43         10.4335009
61 81         11.4250102
62 33         3.43455132
62 8         4.49967638
62 157          4.9253127
62 51         5.12048226
62 37         6.34755031
62 118         10.8348405
62 41         11.2565843
62 34         12.0744475
63 7          2.3693977
63 5         5.71636867
63 150         8.74267892
63 82         9.13183901
63 93         11.2414578
63 44         12.5237444
63 85         12.8302144
63 90         13.4766046
64 156         2.25750797
64 21          3.9310502
64 166         4.35083276
64 81         4.36079585
64 96         8.24046864
64 118         9.45525815
64 106         9.67208601
64 69         10.0450093
65 152         1.33370377
65 13         2.37052428
65 1          5.5238213
65 169         6.72564306
65 70         7.80452057
65 122         9.85136185
65 47         11.1192209
65 71         13.6465087
66 99         4.49139801
66 151         4.79532375
66 119         4.85234993
66 11         5.13491123
66 56         5.13752862
66 15         5.73436543
66 45         6.14861162
66 142           6.666083
67 105         2.30168426
67 6         3.02050048
67 26         4.21518951
67 113          4.7017551
67 147         4.89115832
67 159         5.06130329
67 18         6.71285261
67 134         6.79659525
68 17         2.24285439
68 54         2.46606119
68 72         3.93880689
68 123          6.0423744
68 40         8.42039012
68 39         9.21130841
68 129         12.5290955
68 42         12.8317335
69 143         2.05012534
69 132         4.30054127
69 96         4.31167605
69 141         5.27891458
69 61         5.37063128
69 81         6.07340608
69 166         9.38373989
69 109         9.84070194
70 122         3.13444495
70 152         6.67080426
70 169         7.57023666
70 65         7.80452057
70 13         8.40722682
70 1         13.1507414
70 24         16.6904572
70 47         18.2079037
71 47         2.56674371
71 84          4.9087235
71 42         6.37481187
71 1         11.2464514
71 39         11.6480341
71 129          13.646289
71 65         13.6465087
71 72         14.1701698
72 17         2.37621125
72 54         3.55585641
72 123         3.80993451
72 68         3.93880689
72 39         6.11410731
72 40          6.7935294
72 42         9.15780129
72 84         9.32721344
73 18         1.67827562
73 142         1.87175616
73 11         3.34580272
73 74         3.60778058
73 113         3.68212117
73 147         4.52159339
73 80         4.56368576
73 97         4.69974418
74 97         1.54301122
74 18         3.41133261
74 147          3.4296511
74 73         3.60778058
74 113         4.37811081
74 142         4.70398661
74 56         4.82115557
74 128         4.95812323
75 50         15.7863678
75 163         18.2408677
75 15         27.3409224
75 119         27.4168103
75 130         27.4528101
75 60         27.9447766
75 146         28.8427261
75 99         29.0106605
76 144         9.62004605
76 153         10.9142375
76 30         11.8214596
76 32         14.7020015
76 92          15.222876
76 20         15.3983331
76 170         15.4305496
76 16         18.7231549
77 121         6.89171166
77 16         10.7101961
77 25         11.7417374
77 127         12.4046746
77 32         15.3447198
77 20         17.0131695
77 112         17.2056743
77 3         17.4168795
78 111         7.06841499
78 12         7.39682431
78 90         7.46496289
78 160         7.71430104
78 133         8.01446811
78 2          8.8367687
78 5         9.23489141
78 82         10.4285764
79 85         1.82395238
79 93         2.72274557
79 44          4.0790683
79 150         5.08757841
79 49         7.04328038
79 82         8.96693983
79 138         12.0966339
79 159           12.52335
80 142         3.72376252
80 11         4.52348942
80 73         4.56368576
80 151         5.11034156
80 18         5.66572841
80 56         6.98241883
80 113         7.13413446
80 66         7.76924381
81 96         3.93442386
81 64         4.36079585
81 166         6.01220791
81 69         6.07340608
81 143         6.29857148
81 156         6.59361963
81 21         8.15199261
81 106         9.92864583
82 90         5.31582726
82 150         5.62165396
82 85         7.21227284
82 7         7.33329188
82 93         7.93221188
82 5         8.92101778
82 79         8.96693983
82 138          9.0591684
83 88         15.7299776
83 89          16.255998
83 135         31.9943563
83 35         39.3500866
83 103         39.6450849
83 59         39.7088725
83 115         44.2678903
83 170         45.0431259
84 42         3.83154034
84 71          4.9087235
84 47         6.86992925
84 39         7.11849008
84 72         9.32721344
84 123         9.36724616
84 129         10.0291894
84 40         10.6824391
85 79         1.82395238
85 93          2.8143003
85 150         4.13390062
85 44          5.2050496
85 82         7.21227284
85 49         8.39420818
85 138         10.6337456
85 90         10.9478466
86 162         5.52158505
86 161         7.45380522
86 55         8.28437694
86 137         8.33207504
86 28           8.866965
86 145          9.7317426
86 46         12.1717385
86 38         13.3729894
87 154         4.57936401
87 91         10.2610682
87 168         11.3898001
87 3         11.4414002
87 127         12.6067365
87 121         16.2048746
87 160         16.3196109
87 77         19.2261146
88 89         3.75722435
88 83         15.7299776
88 135         21.5827336
88 35         23.6355454
88 103          25.010701
88 170         31.4162205
88 92         31.8863207
88 115         34.4212571
89 88         3.75722435
89 83          16.255998
89 135         18.2763713
89 35         24.0590809
89 103         26.8738314
89 170         29.2635242
89 92         30.0525575
89 115         31.1481002
90 12         4.33064031
90 82         5.31582726
90 133         5.40505334
90 138         6.07470859
90 78         7.46496289
90 2         8.67111607
90 111         9.32921523
90 150         10.6975932
91 168          7.1712193
91 87         10.2610682
91 154         10.4517716
91 160         12.0716925
91 3         14.1912303
91 127          18.253981
91 5         19.3253955
91 78         19.7103516
92 170         3.13349741
92 153         4.33623806
92 30         5.90157567
92 20         7.73425378
92 16         14.5395216
92 76          15.222876
92 25         16.0383123
92 144          17.151185
93 79         2.72274557
93 85          2.8143003
93 150         2.83612388
93 44         2.89412747
93 82         7.93221188
93 49         9.55712918
93 7         11.0721409
93 63         11.2414578
94 95         1.83549186
94 52         2.04198045
94 22         4.55236207
94 128         7.27772921
94 57         7.78155898
94 97         9.79754792
94 149         10.1483779
94 164         10.1574778
95 94         1.83549186
95 52         3.86868162
95 22         4.51542663
95 128         5.53030477
95 97         7.96208017
95 74         9.32165175
95 102         9.33660758
95 57         9.48886209
96 143         3.26045188
96 81         3.93442386
96 69         4.31167605
96 132         7.93626594
96 64         8.24046864
96 61         9.27441333
96 141         9.45153249
96 166         9.55291475
97 74         1.54301122
97 128         3.41828435
97 56         4.28033884
97 73         4.69974418
97 18          4.8490958
97 147         4.85656744
97 142         5.33293376
97 11         5.46630704
98 140         3.12990031
98 173         4.43873535
98 14         8.62277089
98 176         10.7055387
98 171         13.3046519
98 116         14.3260803
98 175         16.1341129
98 104         17.4524027
99 15         1.66974576
99 119         2.51937559
99 151         3.66296752
99 66         4.49139801
99 60         4.80062838
99 45         8.23777098
99 11         8.34165939
99 80         8.70728623
100 110         9.54400101
100 158         11.0293754
100 31         11.7003694
100 49         11.8614148
100 117         12.9191265
100 67         13.2452844
100 6         14.2458888
100 105         15.0122917
101 38         8.41315677
101 116         11.3519803
101 104         13.8436929
101 108         16.7128652
101 173         16.8184565
101 176         16.8363979
101 139          17.131746
101 161         17.7001036
102 164         3.43667902
102 134         3.75578462
102 26         5.49184077
102 159         6.02888221
102 22         6.36048556
102 147         8.29473409
102 105         8.78722264
102 74         9.06052284
103 35         10.2411212
103 25         23.1786501
103 88          25.010701
103 16         26.3003505
103 20         26.4656575
103 121         26.6799482
103 89         26.8738314
103 92         28.3407087
104 116         4.23042465
104 175         6.51321871
104 161         6.96299804
104 176         7.28886697
104 38         9.16614843
104 28         10.8052328
104 137         12.0463342
104 173         13.6391452
105 6         1.69208523
105 67         2.30168426
105 147         2.59076961
105 113         2.71924535
105 26         3.72006854
105 18         4.67892443
105 134         5.35868657
105 159         5.63131754
106 166         5.37702431
106 109         7.40255254
106 64         9.67208601
106 21          9.6831717
106 156         9.89753168
106 81         9.92864583
106 69         10.1387261
106 141         11.3425954
107 130         7.97954595
107 146         8.94516002
107 4          9.6926746
107 109         12.2970109
107 106         14.7993706
107 158         16.0292036
107 60         17.1601652
107 141         19.3197513
108 101         16.7128652
108 139         17.0231516
108 38         21.6268809
108 116         27.9702212
108 112         28.3997388
108 104         29.8235476
108 145         31.1882255
108 161         31.6080192
109 141         7.19985467
109 106         7.40255254
109 61           8.479226
109 132         9.40839476
109 69         9.84070194
109 166         11.7268136
109 143         11.7807568
109 107         12.2970109
110 158         5.19995551
110 6          7.6966284
110 80         7.97117732
110 113         8.41248202
110 67         8.90152302
110 18         8.92776305
110 105         9.23242002
110 73         9.46660855
111 2         2.84397323
111 133         5.13008163
111 12         5.65311731
111 78         7.06841499
111 90         9.32921523
111 138         11.8541349
111 3         12.5167231
111 174         13.3716593
112 32         7.74949541
112 77         17.2056743
112 139         21.0467024
112 76          22.355045
112 127         23.2238692
112 121         23.8921526
112 16         24.1340799
112 2         25.1525787
113 6         1.83950817
113 147           1.987151
113 18         2.01166355
113 105         2.71924535
113 73         3.68212117
113 74         4.37811081
113 67          4.7017551
113 142         5.54071548
114 68         14.6875449
114 17         15.3710319
114 54         17.0417656
114 72         17.7387138
114 123          20.707525
114 40         23.0453568
114 42          23.662669
114 39         23.7281462
115 27         3.61261975
115 135         12.8717319
115 30           13.19638
115 170          14.193895
115 144         14.4145805
115 92         17.3152253
115 155         17.7525375
115 153         17.7635725
116 104         4.23042465
116 176         5.94036812
116 175         8.63710853
116 38         9.59005554
116 173         10.1481911
116 161         11.0133584
116 101         11.3519803
116 14         12.7269685
117 118         7.93699984
117 31         9.49412002
117 21         10.5012543
117 37         12.2076857
117 156         12.2467168
117 166         12.2700657
117 4         12.6906996
117 100         12.9191265
118 21         5.76259123
118 37         6.06572186
118 51         6.14044807
118 156         7.20814463
118 117         7.93699984
118 157         8.00393023
118 64         9.45525815
118 166         10.2046234
119 15         1.90057554
119 99         2.51937559
119 66         4.85234993
119 151         6.02541554
119 45         6.34728248
119 60         6.47770176
119 11         9.66829915
119 56         9.98921197
120 57         6.53865141
120 149         12.1549438
120 52         12.3438358
120 94         14.1964462
120 95           15.80096
120 22         17.6470055
120 128         19.9339874
120 45         21.1983169
121 25           6.544705
121 77         6.89171166
121 16         7.68305382
121 20         14.4191502
121 127         14.6531732
121 87         16.2048746
121 154         16.4893899
121 3         18.7628263
122 70         3.13444495
122 152         8.56044025
122 13         9.76052964
122 65         9.85136185
122 169         10.6940646
122 1         14.7370208
122 24         15.2210125
122 47         20.7525378
123 40         2.99204471
123 39         3.34449685
123 72         3.80993451
123 54          3.9353194
123 17         5.70100576
123 68          6.0423744
123 129         6.56679285
123 84         9.36724616
124 58         22.2709423
124 23         36.7406541
124 10         43.8855649
124 131         45.3577563
124 59         48.7198144
124 155         58.6233926
124 115         74.5595545
124 27         74.7590054
125 19         9.05364712
125 167         9.85480368
125 24         13.4780376
125 9         13.7188025
125 36         17.7791504
125 126         21.2965119
125 122         27.4746898
125 70         28.0343066
126 48         8.69523484
126 19         12.2961962
126 169         18.2254224
126 129         18.5796146
126 70          20.783402
126 125         21.2965119
126 24         21.3289868
126 40         21.5032569
127 3         5.12610141
127 154         8.71985324
127 77         12.4046746
127 87         12.6067365
127 168         13.3227212
127 111         13.6993419
127 160         14.3693293
127 121         14.6531732
128 97         3.41828435
128 56         4.70918425
128 74         4.95812323
128 95         5.53030477
128 11         6.94343228
128 94         7.27772921
128 142         7.54567515
128 73         7.58589723
129 39         4.33896669
129 40         4.34495875
129 123         6.56679285
129 84         10.0291894
129 48         10.1078963
129 72         10.1183426
129 54         10.2093774
129 17         12.2315081
130 146         4.46078706
130 107         7.97954595
130 60           12.51769
130 50         13.4835037
130 4         15.6574348
130 15         16.7135713
130 99         17.2911282
130 151         17.6887509
131 23         9.15256873
131 10         11.4272144
131 59         11.9753199
131 155         25.0067959
131 58         33.2439612
131 115         33.8556806
131 135         35.0335819
131 27         35.5203095
132 61          1.4744732
132 141          2.3611461
132 69         4.30054127
132 143         4.69157778
132 96         7.93626594
132 109         9.40839476
132 81          10.362372
132 43         11.4065424
133 12         1.10256766
133 2         3.44619261
133 111         5.13008163
133 90         5.40505334
133 138         6.72946377
133 78         8.01446811
133 174         10.1439761
133 82         10.7163885
134 26         3.09337446
134 102         3.75578462
134 147         4.54081696
134 159          5.1363244
134 105         5.35868657
134 74         5.71113389
134 97         6.18111628
134 113         6.47991825
135 115         12.8717319
135 170         15.3955441
135 27          16.326853
135 92         17.7231959
135 30         17.8164063
135 89         18.2763713
135 153         20.8707549
135 88         21.5827336
136 120         34.6366999
136 91         34.7000822
136 57         36.6671194
136 52         40.1196532
136 168         40.2823917
136 22         41.6349093
136 94         41.9235825
136 63         42.3914545
137 28         1.35862521
137 162          4.1034322
137 34         6.32394027
137 161          6.4944099
137 86         8.33207504
137 175         11.6495402
137 104         12.0463342
137 41         12.7453194
138 90         6.07470859
138 12         6.44520192
138 133         6.72946377
138 174         8.71496929
138 82          9.0591684
138 2          9.7518238
138 53         10.3983891
138 85         10.6337456
139 38         14.0088636
139 145          14.399612
139 108         17.0231516
139 101          17.131746
139 86         18.3646287
139 55         20.6869898
139 161         20.7270335
139 46          20.869882
140 98         3.12990031
140 173         6.78712742
140 14          6.9580335
140 171         10.5083026
140 176         11.0586807
140 116         15.6804821
140 175         15.7757282
140 104         18.2464646
141 61         1.29634371
141 132          2.3611461
141 69         5.27891458
141 143         6.38874134
141 109         7.19985467
141 96         9.45153249
141 43           11.04277
141 81         11.1708051
142 11         1.62173571
142 73         1.87175616
142 18         3.54758314
142 56         3.65531354
142 80         3.72376252
142 74         4.70398661
142 97         5.33293376
142 113         5.54071548
143 69         2.05012534
143 96         3.26045188
143 132         4.69157778
143 61         6.06849793
143 81         6.29857148
143 141         6.38874134
143 64         10.5943745
143 166         10.7068691
144 76         9.62004605
144 27         11.2784961
144 30         11.4194717
144 153         14.0713142
144 115         14.4145805
144 170         15.5184905
144 92          17.151185
144 20         21.1443102
145 46         6.56659261
145 55          6.7517317
145 86          9.7317426
145 174         9.92310566
145 53          11.645502
145 162         14.3002441
145 139          14.399612
145 161          16.563428
146 130         4.46078706
146 60         8.66489314
146 107         8.94516002
146 15         13.1400146
146 151         13.4211029
146 99         13.4527129
146 50         13.5808605
146 4         13.7057004
147 113           1.987151
147 105         2.59076961
147 6         2.98228066
147 18         3.02199159
147 74          3.4296511
147 73         4.52159339
147 134         4.54081696
147 26          4.6048358
148 53         8.92530187
148 55         10.8906009
148 31         11.4877659
148 41         12.0099621
148 49         12.6639711
148 46         12.6996158
148 162         12.7671479
148 86         15.4225652
149 45         9.05470967
149 57         9.70363031
149 52         10.0020843
149 94         10.1483779
149 95         10.3808806
149 128          11.044474
149 120         12.1549438
149 56         13.1733385
150 93         2.83612388
150 85         4.13390062
150 79         5.08757841
150 44         5.28346993
150 82         5.62165396
150 7          8.3249671
150 63         8.74267892
150 90         10.6975932
151 99         3.66296752
151 66         4.79532375
151 80         5.11034156
151 15         5.24364492
151 60         5.78095637
151 11         5.95841027
151 119         6.02541554
151 142         6.62698432
152 65         1.33370377
152 13         2.22757255
152 1         6.49068251
152 70         6.67080426
152 169          6.8880261
152 122         8.56044025
152 47         12.4512632
152 71         14.9753786
153 92         4.33623806
153 30         4.59671884
153 170         5.49841312
153 20         7.54719253
153 76         10.9142375
153 16          13.863306
153 144         14.0713142
153 25         16.2098295
154 87         4.57936401
154 3         6.86627825
154 168         8.50654367
154 127         8.71985324
154 91         10.4517716
154 160         12.6695262
154 121         16.4893899
154 77         17.8038225
155 27         16.7888964
155 10         16.8048498
155 115         17.7525375
155 144         23.7856357
155 131         25.0067959
155 135         27.8717199
155 30         29.4196369
155 23         31.3841641
156 21         1.76271424
156 64         2.25750797
156 166         4.62447033
156 81         6.59361963
156 118         7.20814463
156 51         9.22702769
156 157         9.43608368
156 106         9.89753168
157 51         2.26884795
157 62          4.9253127
157 37         6.71414185
157 118         8.00393023
157 33         8.20384041
157 8         8.36930682
157 156         9.43608368
157 21         9.48469485
158 110         5.19995551
158 4         9.12765487
158 80         9.76859397
158 100         11.0293754
158 6         12.6470542
158 151         12.7597796
158 18         12.9954871
158 73         12.9984573
159 26         2.56212804
159 67         5.06130329
159 134          5.1363244
159 105         5.63131754
159 102         6.02888221
159 147         7.07288629
159 6         7.25237318
159 113         8.20727309
160 168         5.40731512
160 78         7.71430104
160 3         9.34022892
160 5         9.52913108
160 91         12.0716925
160 154         12.6695262
160 111         13.3972106
160 7         13.4868294
161 28         5.71954753
161 137          6.4944099
161 104         6.96299804
161 86         7.45380522
161 162         7.92994688
161 175         10.0359104
161 38          10.095368
161 116         11.0133584
162 137          4.1034322
162 28         5.26679569
162 86         5.52158505
162 161         7.92994688
162 34         9.66995618
162 55         10.3071669
162 148         12.7671479
162 41         13.0263161
163 50          10.513237
163 119         10.7236176
163 45         11.1052488
163 15         11.5271557
163 99         13.0019531
163 60         14.5116708
163 66         14.8292005
163 151         16.6594256
164 102         3.43667902
164 22         5.62267691
164 134         7.15959575
164 159         8.74421969
164 26         8.77641335
164 95         9.79405288
164 94         10.1574778
164 52         11.1534292
165 114         64.5741945
165 29         76.2631443
165 68         79.2189978
165 17         79.6265647
165 172         80.6477173
165 54         81.6061631
165 72         81.9163675
165 123         85.1792783
166 64         4.35083276
166 156         4.62447033
166 21         4.85728869
166 106         5.37702431
166 81         6.01220791
166 69         9.38373989
166 96         9.55291475
166 118         10.2046234
167 9         9.43646225
167 125         9.85480368
167 36         15.4814756
167 19         18.2674195
167 24         22.1553511
167 126         29.9309764
167 122         36.9261769
167 70         37.7082067
168 160         5.40731512
168 91          7.1712193
168 3          8.4117132
168 154         8.50654367
168 87         11.3898001
168 78         12.7128713
168 127         13.3227212
168 5         14.3130715
169 65         6.72564306
169 152          6.8880261
169 70         7.57023666
169 13         8.97585884
169 122         10.6940646
169 1         11.3952567
169 47         12.5451317
169 129         13.9846399
170 92         3.13349741
170 30         4.18560371
170 153         5.49841312
170 20         10.7869385
170 115          14.193895
170 27         14.7482184
170 135         15.3955441
170 76         15.4305496
171 14         6.59693048
171 140         10.5083026
171 176         13.0356898
171 98         13.3046519
171 175          13.685108
171 173         14.9504702
171 8         17.7412198
171 116         18.9699583
172 114         79.3806624
172 165         80.6477173
172 68         87.1645375
172 54         87.9373714
172 17         89.2396718
172 72         91.0467315
172 123         91.3224528
172 40         91.3499965
173 98         4.43873535
173 140         6.78712742
173 176         7.73530504
173 14         8.84368795
173 116         10.1481911
173 175         13.6215603
173 104         13.6391452
173 171         14.9504702
174 46         6.45522329
174 138         8.71496929
174 53         8.74235558
174 145         9.92310566
174 133         10.1439761
174 2         10.5307987
174 55          10.739113
174 12         10.8650303
175 176         5.92198126
175 104         6.51321871
175 116         8.63710853
175 14         9.59485486
175 161         10.0359104
175 28         10.3106616
175 34         11.3593491
175 137         11.6495402
176 175         5.92198126
176 116         5.94036812
176 14         6.84174456
176 104         7.28886697
176 173         7.73530504
176 98         10.7055387
176 140         11.0586807
176 171         13.0356898
