0 145 fsGDP_DLISA2 code
784 512         2.84397323
784 634         3.44619261
784 414         8.67111607
784 364          8.8367687
4 586         5.12610141
4 762         6.86627825
4 860          8.4117132
4 364         11.8806429
12 788         9.12765487
12 504          9.6926746
12 466         12.4429266
12 562         12.6906996
31 51         3.98046673
31 268         5.71636867
31 368         8.92101778
31 364         9.23489141
8 807         1.69208523
8 499         1.83950817
8 688         2.98228066
8 300         3.02050048
51 268          2.3693977
51 31         3.98046673
51 368         7.33329188
51 760          8.3249671
24 266         4.49967638
24 178         5.02770639
24 226         9.31910879
24 120         10.7310099
32 152         6.11964491
32 858         9.43646225
32 600         13.7188025
32 68         18.4691391
40 705         1.62173571
40 203         2.46130934
40 191         3.34580272
40 380         4.52348942
72 516         6.59693048
72 716         6.84174456
72 710          6.9580335
72 426         8.62277089
56 442         1.66974576
56 528         1.90057554
56 250         4.57914516
56 756         5.24364492
50 64          3.5432063
50 524         7.68305382
50 356         10.7101961
50 764          13.863306
84 320         2.24285439
84 340         2.37621125
84 222         3.47728893
84 558         5.70100576
70 191         1.67827562
70 499         2.01166355
70 688         3.02199159
70 348         3.41133261
68 600         9.05364712
68 604         12.2961962
68 76         12.9682153
68 858         18.2674195
204 768         1.76271424
204 288          3.9310502
204 854         4.85728869
204 566         5.76259123
112 440         4.51542663
112 428         4.55236207
112 233         5.60490424
112 804         5.62267691
76 68         12.9682153
76 600         13.4780376
76 740         15.2210125
76 328         16.6904572
64 50          3.5432063
64 524           6.544705
64 356         11.7417374
64 418         16.0383123
100 792         2.56212804
100 642         3.09337446
100 807         3.72006854
100 300         4.21518951
96 458         3.61261975
96 116         12.7224576
96 704         14.7482184
96 626         16.7888964
108 646         1.35862521
108 800         5.26679569
108 834         5.71954753
108 180         6.25059324
124 192         58.7062858
124 332            60.5043
124 484         61.4296206
124 212         61.8829776
116 704         4.18560371
116 764         4.59671884
116 418         5.90157567
116 360         11.8214596
148 140         8.97607075
148 562         9.49412002
148 120          11.343133
148 736         11.4877659
178 266         3.43455132
178 24         5.02770639
178 120         6.98175772
178 226         7.82930096
180 108         6.25059324
180 646         6.32394027
180 178         8.67307396
180 800         9.66995618
156 496         10.2411212
156 64         16.2411978
156 418         18.1173418
156 50         18.6062131
152 32         6.11964491
152 858         15.4814756
152 600         17.7791504
152 68         19.9141079
120 226         4.60736583
120 566         6.06572186
120 266         6.34755031
120 178         6.98175772
170 558         3.34449685
170 188         3.57689377
170 591         4.33896669
170 340         6.11410731
188 558         2.99204471
188 170         3.57689377
188 591         4.34495875
188 222         6.00641281
140 120         7.78984019
140 148         8.97607075
140 178         9.08754312
140 180         9.96576488
192 332         6.37481187
192 212         8.90035136
192 340         9.15780129
192 170         9.47175055
208 276         6.14861162
208 528         6.34728248
208 56         8.23722462
208 442         8.23777098
262 231         4.30439865
262 232           5.191409
262 887         6.45522329
262 404         12.1717385
212 332         2.56674371
212 192         8.90035136
212 862         12.5451317
212 170          12.888442
218 604         8.69523484
218 591         10.1078963
218 188          12.808245
218 170         14.3799383
818 376         7.04328038
818 400         8.39420818
818 422         9.55712918
818 434         11.8614148
372 826          10.513237
372 250         12.4578217
372 56         13.0569561
372 620         13.4835037
226 120         4.60736583
226 266         5.12048226
226 566         6.14044807
226 178         7.82930096
233 428         2.04198045
233 440         3.86868162
233 112         5.60490424
233 246         5.84807523
232 262           5.191409
232 231         6.77449024
232 887         8.74235558
232 736         8.92530187
222 320         2.46606119
222 84         3.47728893
222 340         3.55585641
222 558          3.9353194
231 262         4.30439865
231 232         6.77449024
231 404         8.28437694
231 800         10.3071669
203 40         2.46130934
203 705         3.65531354
203 703         4.28033884
203 616         4.70918425
246 233         5.84807523
246 578         6.53865141
246 428         7.78155898
246 440         9.48886209
250 56         4.57914516
250 442         4.80062838
250 756         5.78095637
250 528         6.47770176
270 686         1.29634371
270 624          1.4744732
270 324         5.37063128
270 694         6.06849793
266 178         3.43455132
266 24         4.49967638
266 226         5.12048226
266 120         6.34755031
268 51          2.3693977
268 31         5.71636867
268 760         8.74267892
268 368         9.13183901
288 768         2.25750797
288 204          3.9310502
288 854         4.35083276
288 384         4.36079585
276 442         4.49139801
276 756         4.79532375
276 528         4.85234993
276 40         5.13491123
300 807         2.30168426
300 8         3.02050048
300 100         4.21518951
300 499          4.7017551
320 84         2.24285439
320 222         2.46606119
320 340         3.93880689
320 558          6.0423744
324 694         2.05012534
324 624         4.30054127
324 430         4.31167605
324 686         5.27891458
328 740         3.13444495
328 862         7.57023666
328 76         16.6904572
328 212         18.2079037
332 212         2.56674371
332 192         6.37481187
332 170         11.6480341
332 591          13.646289
340 84         2.37621125
340 222         3.55585641
340 558         3.80993451
340 320         3.93880689
191 70         1.67827562
191 705         1.87175616
191 40         3.34580272
191 348         3.60778058
348 703         1.54301122
348 70         3.41133261
348 688          3.4296511
348 191         3.60778058
360 764         10.9142375
360 116         11.8214596
360 418          15.222876
360 704         15.4305496
356 524         6.89171166
356 50         10.7101961
356 64         11.7417374
356 586         12.4046746
364 512         7.06841499
364 414         7.46496289
364 634         8.01446811
364 784          8.8367687
376 400         1.82395238
376 422         2.72274557
376 760         5.08757841
376 818         7.04328038
380 705         3.72376252
380 40         4.52348942
380 191         4.56368576
380 756         5.11034156
384 430         3.93442386
384 288         4.36079585
384 854         6.01220791
384 324         6.07340608
368 414         5.31582726
368 760         5.62165396
368 400         7.21227284
368 51         7.33329188
400 376         1.82395238
400 422          2.8143003
400 760         4.13390062
400 368         7.21227284
404 800         5.52158505
404 834         7.45380522
404 231         8.28437694
404 646         8.33207504
410 156         24.0590809
410 496         26.8738314
410 704         29.2635242
410 418         30.0525575
414 368         5.31582726
414 634         5.40505334
414 682         6.07470859
414 364         7.46496289
398 860          7.1712193
398 762         10.4517716
398 4         14.1912303
398 586          18.253981
418 704         3.13349741
418 764         4.33623806
418 116         5.90157567
418 50         14.5395216
422 376         2.72274557
422 400          2.8143003
422 760         2.83612388
422 368         7.93221188
428 440         1.83549186
428 233         2.04198045
428 112         4.55236207
428 616         7.27772921
440 428         1.83549186
440 233         3.86868162
440 112         4.51542663
440 616         5.53030477
430 694         3.26045188
430 384         3.93442386
430 324         4.31167605
430 624         7.93626594
703 348         1.54301122
703 616         3.41828435
703 203         4.28033884
703 191         4.69974418
426 710         3.12990031
426 748         4.43873535
426 72         8.62277089
426 716         10.7055387
442 56         1.66974576
442 528         2.51937559
442 756         3.66296752
442 276         4.49139801
434 788         11.0293754
434 148         11.7003694
434 818         11.8614148
434 562         12.9191265
498 804         3.43667902
498 642         3.75578462
498 100         5.49184077
498 792         6.02888221
496 156         10.2411212
496 64         23.1786501
496 50         26.3003505
496 524         26.6799482
454 508         4.23042465
454 894         6.51321871
454 834         6.96299804
454 716         7.28886697
807 8         1.69208523
807 300         2.30168426
807 688         2.59076961
807 499         2.71924535
466 854         5.37702431
466 478         7.40255254
466 288         9.67208601
466 204          9.6831717
504 620         7.97954595
504 724         8.94516002
504 12          9.6926746
504 478         12.2970109
478 686         7.19985467
478 466         7.40255254
478 270           8.479226
478 624         9.40839476
512 784         2.84397323
512 634         5.13008163
512 364         7.06841499
512 414         9.32921523
499 8         1.83950817
499 688           1.987151
499 70         2.01166355
499 807         2.71924535
484 320         14.6875449
484 84         15.3710319
484 222         17.0417656
484 340         17.7387138
458 96         3.61261975
458 116           13.19638
458 704          14.193895
458 418         17.3152253
508 454         4.23042465
508 716         5.94036812
508 894         8.63710853
508 748         10.1481911
562 566         7.93699984
562 148         9.49412002
562 204         10.5012543
562 120         12.2076857
566 204         5.76259123
566 120         6.06572186
566 226         6.14044807
566 768         7.20814463
528 56         1.90057554
528 442         2.51937559
528 276         4.85234993
528 756         6.02541554
578 246         6.53865141
578 752         12.1549438
578 233         12.3438358
578 428         14.1964462
524 64           6.544705
524 356         6.89171166
524 50         7.68305382
524 586         14.6531732
740 328         3.13444495
740 862         10.6940646
740 76         15.2210125
740 212         20.7525378
558 188         2.99204471
558 170         3.34449685
558 340         3.80993451
558 222          3.9353194
600 68         9.05364712
600 858         9.85480368
600 76         13.4780376
600 32         13.7188025
604 218         8.69523484
604 68         12.2961962
604 862         18.2254224
604 591         18.5796146
586 4         5.12610141
586 762         8.71985324
586 356         12.4046746
586 860         13.3227212
616 703         3.41828435
616 203         4.70918425
616 348         4.95812323
616 440         5.53030477
591 170         4.33896669
591 188         4.34495875
591 558         6.56679285
591 218         10.1078963
620 724         4.46078706
620 504         7.97954595
620 250           12.51769
620 372         13.4835037
598 626         25.0067959
598 458         33.8556806
598 96         35.5203095
598 410         43.7370704
624 270          1.4744732
624 686          2.3611461
624 324         4.30054127
624 694         4.69157778
634 784         3.44619261
634 512         5.13008163
634 414         5.40505334
634 682         6.72946377
642 100         3.09337446
642 498         3.75578462
642 688         4.54081696
642 792          5.1363244
643 578         34.6366999
643 398         34.7000822
643 246         36.6671194
643 233         40.1196532
646 108         1.35862521
646 800          4.1034322
646 180         6.32394027
646 834          6.4944099
682 414         6.07470859
682 634         6.72946377
682 887         8.71496929
682 368          9.0591684
710 426         3.12990031
710 748         6.78712742
710 72          6.9580335
710 516         10.5083026
686 270         1.29634371
686 624          2.3611461
686 324         5.27891458
686 694         6.38874134
705 40         1.62173571
705 191         1.87175616
705 70         3.54758314
705 203         3.65531354
694 324         2.05012534
694 430         3.26045188
694 624         4.69157778
694 270         6.06849793
724 620         4.46078706
724 250         8.66489314
724 504         8.94516002
724 56         13.1400146
688 499           1.987151
688 807         2.59076961
688 8         2.98228066
688 70         3.02199159
736 232         8.92530187
736 231         10.8906009
736 148         11.4877659
736 140         12.0099621
752 208         9.05470967
752 246         9.70363031
752 233         10.0020843
752 428         10.1483779
760 422         2.83612388
760 400         4.13390062
760 376         5.08757841
760 368         5.62165396
756 442         3.66296752
756 276         4.79532375
756 380         5.11034156
756 56         5.24364492
764 418         4.33623806
764 116         4.59671884
764 704         5.49841312
764 360         10.9142375
762 4         6.86627825
762 860         8.50654367
762 586         8.71985324
762 398         10.4517716
626 96         16.7888964
626 458         17.7525375
626 598         25.0067959
626 116         29.4196369
768 204         1.76271424
768 288         2.25750797
768 854         4.62447033
768 384         6.59361963
788 12         9.12765487
788 380         9.76859397
788 434         11.0293754
788 8         12.6470542
792 100         2.56212804
792 300         5.06130329
792 642          5.1363244
792 807         5.63131754
834 108         5.71954753
834 646          6.4944099
834 454         6.96299804
834 404         7.45380522
800 646          4.1034322
800 108         5.26679569
800 404         5.52158505
800 834         7.92994688
826 372          10.513237
826 528         10.7236176
826 208         11.1052488
826 56         11.5271557
804 498         3.43667902
804 112         5.62267691
804 642         7.15959575
804 792         8.74421969
840 484         64.5741945
840 124         76.2631443
840 320         79.2189978
840 84         79.6265647
854 288         4.35083276
854 768         4.62447033
854 204         4.85728869
854 466         5.37702431
858 32         9.43646225
858 600         9.85480368
858 152         15.4814756
858 68         18.2674195
860 398          7.1712193
860 4          8.4117132
860 762         8.50654367
860 364         12.7128713
862 328         7.57023666
862 740         10.6940646
862 212         12.5451317
862 591         13.9846399
704 418         3.13349741
704 116         4.18560371
704 764         5.49841312
704 458          14.193895
516 72         6.59693048
516 710         10.5083026
516 716         13.0356898
516 426         13.3046519
748 426         4.43873535
748 710         6.78712742
748 716         7.73530504
748 72         8.84368795
887 262         6.45522329
887 682         8.71496929
887 232         8.74235558
887 634         10.1439761
894 716         5.92198126
894 454         6.51321871
894 508         8.63710853
894 72         9.59485486
716 894         5.92198126
716 508         5.94036812
716 72         6.84174456
716 454         7.28886697
