0 145 fsGDP_DLISA2 UNCODE
784 512         2.84397323
784 634         3.44619261
784 414         8.67111607
784 364          8.8367687
784 682          9.7518238
784 887         10.5307987
784 368         13.9695046
784 4          15.337133
4 586         5.12610141
4 762         6.86627825
4 860          8.4117132
4 364         11.8806429
4 512         12.5167231
4 398         14.1912303
4 784          15.337133
4 634          17.109622
12 788         9.12765487
12 504          9.6926746
12 466         12.4429266
12 562         12.6906996
12 724         13.7057004
12 478         15.1827335
12 434         15.4315448
12 620         15.6574348
31 51         3.98046673
31 268         5.71636867
31 368         8.92101778
31 364         9.23489141
31 414         11.0919618
31 760         11.6993239
31 860         14.3130715
31 422         14.5288421
8 807         1.69208523
8 499         1.83950817
8 688         2.98228066
8 300         3.02050048
8 70         3.78978943
8 100         5.41103473
8 191          5.4152991
8 348         6.05971472
51 268          2.3693977
51 31         3.98046673
51 368         7.33329188
51 760          8.3249671
51 422         11.0721409
51 414         11.2731539
51 364         11.9344715
51 400         12.1732389
24 266         4.49967638
24 178         5.02770639
24 226         9.31910879
24 120         10.7310099
24 180         11.4001322
24 140         14.1132078
24 566         15.2711133
24 894         17.4912869
32 152         6.11964491
32 858         9.43646225
32 600         13.7188025
32 68         18.4691391
32 76         27.1540163
32 604         27.6032867
32 218         36.2352575
32 740         40.3738663
40 705         1.62173571
40 203         2.46130934
40 191         3.34580272
40 380         4.52348942
40 70         5.00249534
40 276         5.13491123
40 348         5.29046876
40 703         5.46630704
72 516         6.59693048
72 716         6.84174456
72 710          6.9580335
72 426         8.62277089
72 748         8.84368795
72 894         9.59485486
72 508         12.7269685
72 454         13.8012162
56 442         1.66974576
56 528         1.90057554
56 250         4.57914516
56 756         5.24364492
56 276         5.73436543
56 208         8.23722462
56 40         9.95492901
56 380         10.3334175
50 64          3.5432063
50 524         7.68305382
50 356         10.7101961
50 764          13.863306
50 418         14.5395216
50 704         17.5946746
50 116         18.4330563
50 156         18.6062131
84 320         2.24285439
84 340         2.37621125
84 222         3.47728893
84 558         5.70100576
84 170         8.40661436
84 188         8.52855726
84 192         10.6789843
84 591         12.2315081
70 191         1.67827562
70 499         2.01166355
70 688         3.02199159
70 348         3.41133261
70 705         3.54758314
70 8         3.78978943
70 807         4.67892443
70 703          4.8490958
68 600         9.05364712
68 604         12.2961962
68 76         12.9682153
68 858         18.2674195
68 32         18.4691391
68 152         19.9141079
68 218         20.5220885
68 328         22.2481724
204 768         1.76271424
204 288          3.9310502
204 854         4.85728869
204 566         5.76259123
204 384         8.15199261
204 226         8.85256397
204 466          9.6831717
204 562         10.5012543
112 440         4.51542663
112 428         4.55236207
112 233         5.60490424
112 804         5.62267691
112 498         6.36048556
112 642         8.28887777
112 616         8.76099153
112 703         9.82563458
76 68         12.9682153
76 600         13.4780376
76 740         15.2210125
76 328         16.6904572
76 604         21.3289868
76 858         22.1553511
76 862         22.2026856
76 218         26.9605776
64 50          3.5432063
64 524           6.544705
64 356         11.7417374
64 418         16.0383123
64 764         16.2098295
64 156         16.2411978
64 704         19.1700871
64 116         20.6434493
100 792         2.56212804
100 642         3.09337446
100 807         3.72006854
100 300         4.21518951
100 688          4.6048358
100 8         5.41103473
100 498         5.49184077
100 499         5.97834154
96 458         3.61261975
96 116         12.7224576
96 704         14.7482184
96 626         16.7888964
96 764         17.2833928
96 418         17.7289962
96 360          19.381751
96 50         31.1454521
108 646         1.35862521
108 800         5.26679569
108 834         5.71954753
108 180         6.25059324
108 404           8.866965
108 894         10.3106616
108 454         10.8052328
108 140         13.6745017
124 192         58.7062858
124 332            60.5043
124 484         61.4296206
124 212         61.8829776
124 84          63.985518
124 340         64.4902546
124 320         65.7623286
124 222         67.4400982
116 704         4.18560371
116 764         4.59671884
116 418         5.90157567
116 360         11.8214596
116 96         12.7224576
116 458           13.19638
116 50         18.4330563
116 64         20.6434493
148 140         8.97607075
148 562         9.49412002
148 120          11.343133
148 736         11.4877659
148 434         11.7003694
148 566         12.0308152
148 226         15.5061092
148 818         15.7972535
178 266         3.43455132
178 24         5.02770639
178 120         6.98175772
178 226         7.82930096
178 180         8.67307396
178 140         9.08754312
178 566          12.632191
178 646         14.7388921
180 108         6.25059324
180 646         6.32394027
180 178         8.67307396
180 800         9.66995618
180 140         9.96576488
180 894         11.3593491
180 24         11.4001322
180 834         11.6583988
156 496         10.2411212
156 64         16.2411978
156 418         18.1173418
156 50         18.6062131
156 704         20.1070453
156 524         21.5615305
156 764         21.6563956
156 116         23.9295135
152 32         6.11964491
152 858         15.4814756
152 600         17.7791504
152 68         19.9141079
152 604         26.5292303
152 76         30.6261381
152 218         34.7986823
152 328         42.1302754
120 226         4.60736583
120 566         6.06572186
120 266         6.34755031
120 178         6.98175772
120 140         7.78984019
120 24         10.7310099
120 204         11.1293303
120 148          11.343133
170 558         3.34449685
170 188         3.57689377
170 591         4.33896669
170 340         6.11410731
170 222          7.2618029
170 84         8.40661436
170 320         9.21130841
170 192         9.47175055
188 558         2.99204471
188 170         3.57689377
188 591         4.34495875
188 222         6.00641281
188 340          6.7935294
188 320         8.42039012
188 84         8.52855726
188 192         12.7583885
140 120         7.78984019
140 148         8.97607075
140 178         9.08754312
140 180         9.96576488
140 266         11.2565843
140 736         12.0099621
140 226         12.1838761
140 566         12.7414821
192 332         6.37481187
192 212         8.90035136
192 340         9.15780129
192 170         9.47175055
192 558         10.6659393
192 84         10.6789843
192 222         12.6499922
192 188         12.7583885
208 276         6.14861162
208 528         6.34728248
208 56         8.23722462
208 442         8.23777098
208 752         9.05470967
208 203         9.37338903
208 756         10.4902408
208 40         10.5993471
262 231         4.30439865
262 232           5.191409
262 887         6.45522329
262 404         12.1717385
262 682          12.439106
262 736         12.6996158
262 800         14.6110414
262 634         16.0689578
212 332         2.56674371
212 192         8.90035136
212 862         12.5451317
212 170          12.888442
212 591         14.1438863
212 558          15.755778
212 340         16.1832633
212 188          16.350023
218 604         8.69523484
218 591         10.1078963
218 188          12.808245
218 170         14.3799383
218 862         14.9106577
218 558         15.7596723
218 222         18.4509945
218 340         19.5660529
818 376         7.04328038
818 400         8.39420818
818 422         9.55712918
818 434         11.8614148
818 760         12.1286019
818 736         12.6639711
818 232          14.301938
818 300         14.8866247
372 826          10.513237
372 250         12.4578217
372 56         13.0569561
372 620         13.4835037
372 724         13.5808605
372 528         13.8460646
372 442         14.6343474
372 756         17.5752983
226 120         4.60736583
226 266         5.12048226
226 566         6.14044807
226 178         7.82930096
226 204         8.85256397
226 768         9.22702769
226 24         9.31910879
226 288         10.8689845
233 428         2.04198045
233 440         3.86868162
233 112         5.60490424
233 246         5.84807523
233 616         9.19001871
233 752         10.0020843
233 804         11.1534292
233 498         11.7946759
232 262           5.191409
232 231         6.77449024
232 887         8.74235558
232 736         8.92530187
232 682         10.3983891
232 818          14.301938
232 404         14.8586088
232 800         15.4872182
222 320         2.46606119
222 84         3.47728893
222 340         3.55585641
222 558          3.9353194
222 188         6.00641281
222 170          7.2618029
222 591         10.2093774
222 192         12.6499922
231 262         4.30439865
231 232         6.77449024
231 404         8.28437694
231 800         10.3071669
231 887          10.739113
231 736         10.8906009
231 646         14.3850731
231 108         15.4346685
203 40         2.46130934
203 705         3.65531354
203 703         4.28033884
203 616         4.70918425
203 191         4.72185279
203 348         4.82115557
203 276         5.13752862
203 70         6.08860061
246 233         5.84807523
246 578         6.53865141
246 428         7.78155898
246 440         9.48886209
246 752         9.70363031
246 112         11.1185335
246 616         14.1808476
246 804          16.318088
250 56         4.57914516
250 442         4.80062838
250 756         5.78095637
250 528         6.47770176
250 724         8.66489314
250 276         9.09340784
250 380         10.1856169
250 40         11.7236896
270 686         1.29634371
270 624          1.4744732
270 324         5.37063128
270 694         6.06849793
270 478           8.479226
270 430         9.27441333
270 384         11.4250102
270 466         12.4861406
266 178         3.43455132
266 24         4.49967638
266 226         5.12048226
266 120         6.34755031
266 566         10.8348405
266 140         11.2565843
266 180         12.0744475
266 204         13.9366669
268 51          2.3693977
268 31         5.71636867
268 760         8.74267892
268 368         9.13183901
268 422         11.2414578
268 400         12.8302144
268 414         13.4766046
268 376         13.7897238
288 768         2.25750797
288 204          3.9310502
288 854         4.35083276
288 384         4.36079585
288 430         8.24046864
288 566         9.45525815
288 466         9.67208601
288 324         10.0450093
276 442         4.49139801
276 756         4.79532375
276 528         4.85234993
276 40         5.13491123
276 203         5.13752862
276 56         5.73436543
276 208         6.14861162
276 705           6.666083
300 807         2.30168426
300 8         3.02050048
300 100         4.21518951
300 499          4.7017551
300 688         4.89115832
300 792         5.06130329
300 70         6.71285261
300 642         6.79659525
320 84         2.24285439
320 222         2.46606119
320 340         3.93880689
320 558          6.0423744
320 188         8.42039012
320 170         9.21130841
320 591         12.5290955
320 192         12.8317335
324 694         2.05012534
324 624         4.30054127
324 430         4.31167605
324 686         5.27891458
324 270         5.37063128
324 384         6.07340608
324 854         9.38373989
324 478         9.84070194
328 740         3.13444495
328 862         7.57023666
328 76         16.6904572
328 212         18.2079037
328 218         20.3898424
328 332         20.5738494
328 604          20.783402
328 591         21.4449762
332 212         2.56674371
332 192         6.37481187
332 170         11.6480341
332 591          13.646289
332 340         14.1701698
332 558         14.2063034
332 862         14.5157885
332 188          15.210183
340 84         2.37621125
340 222         3.55585641
340 558         3.80993451
340 320         3.93880689
340 170         6.11410731
340 188          6.7935294
340 192         9.15780129
340 591         10.1183426
191 70         1.67827562
191 705         1.87175616
191 40         3.34580272
191 348         3.60778058
191 499         3.68212117
191 688         4.52159339
191 380         4.56368576
191 703         4.69974418
348 703         1.54301122
348 70         3.41133261
348 688          3.4296511
348 191         3.60778058
348 499         4.37811081
348 705         4.70398661
348 203         4.82115557
348 616         4.95812323
360 764         10.9142375
360 116         11.8214596
360 418          15.222876
360 704         15.4305496
360 50         18.7231549
360 96          19.381751
360 458         21.6919795
360 64          22.111928
356 524         6.89171166
356 50         10.7101961
356 64         11.7417374
356 586         12.4046746
356 4         17.4168795
356 762         17.8038225
356 764         22.7968398
356 360         23.1969538
364 512         7.06841499
364 414         7.46496289
364 634         8.01446811
364 784          8.8367687
364 31         9.23489141
364 368         10.4285764
364 4         11.8806429
364 51         11.9344715
376 400         1.82395238
376 422         2.72274557
376 760         5.08757841
376 818         7.04328038
376 368         8.96693983
376 682         12.0966339
376 792           12.52335
376 414         12.7605995
380 705         3.72376252
380 40         4.52348942
380 191         4.56368576
380 756         5.11034156
380 70         5.66572841
380 203         6.98241883
380 499         7.13413446
380 276         7.76924381
384 430         3.93442386
384 288         4.36079585
384 854         6.01220791
384 324         6.07340608
384 694         6.29857148
384 768         6.59361963
384 204         8.15199261
384 466         9.92864583
368 414         5.31582726
368 760         5.62165396
368 400         7.21227284
368 51         7.33329188
368 422         7.93221188
368 31         8.92101778
368 376         8.96693983
368 682          9.0591684
400 376         1.82395238
400 422          2.8143003
400 760         4.13390062
400 368         7.21227284
400 818         8.39420818
400 682         10.6337456
400 414         10.9478466
400 51         12.1732389
404 800         5.52158505
404 834         7.45380522
404 231         8.28437694
404 646         8.33207504
404 108           8.866965
404 262         12.1717385
404 454         14.1977006
404 180         14.6047001
410 156         24.0590809
410 496         26.8738314
410 704         29.2635242
410 418         30.0525575
410 458         31.1481002
410 116         33.0108124
410 764         34.2744762
410 96         34.5798201
414 368         5.31582726
414 634         5.40505334
414 682         6.07470859
414 364         7.46496289
414 784         8.67111607
414 512         9.32921523
414 760         10.6975932
414 400         10.9478466
398 860          7.1712193
398 762         10.4517716
398 4         14.1912303
398 586          18.253981
398 31         19.3253955
398 364         19.7103516
398 51         23.0458357
398 268         23.8658486
418 704         3.13349741
418 764         4.33623806
418 116         5.90157567
418 50         14.5395216
418 360          15.222876
418 64         16.0383123
418 458         17.3152253
418 96         17.7289962
422 376         2.72274557
422 400          2.8143003
422 760         2.83612388
422 368         7.93221188
422 818         9.55712918
422 51         11.0721409
422 268         11.2414578
422 792          11.293106
428 440         1.83549186
428 233         2.04198045
428 112         4.55236207
428 616         7.27772921
428 246         7.78155898
428 703         9.79754792
428 752         10.1483779
428 804         10.1574778
440 428         1.83549186
440 233         3.86868162
440 112         4.51542663
440 616         5.53030477
440 703         7.96208017
440 348         9.32165175
440 498         9.33660758
440 246         9.48886209
430 694         3.26045188
430 384         3.93442386
430 324         4.31167605
430 624         7.93626594
430 288         8.24046864
430 270         9.27441333
430 686         9.45153249
430 854         9.55291475
703 348         1.54301122
703 616         3.41828435
703 203         4.28033884
703 191         4.69974418
703 70          4.8490958
703 688         4.85656744
703 705         5.33293376
703 40         5.46630704
426 710         3.12990031
426 748         4.43873535
426 72         8.62277089
426 716         10.7055387
426 516         13.3046519
426 508         14.3260803
426 894         16.1341129
426 454         17.4524027
442 56         1.66974576
442 528         2.51937559
442 756         3.66296752
442 276         4.49139801
442 250         4.80062838
442 208         8.23777098
442 40         8.34165939
442 380         8.70728623
434 788         11.0293754
434 148         11.7003694
434 818         11.8614148
434 562         12.9191265
434 300         13.2452844
434 8         14.2458888
434 807         15.0122917
434 12         15.4315448
498 804         3.43667902
498 642         3.75578462
498 100         5.49184077
498 792         6.02888221
498 112         6.36048556
498 688         8.29473409
498 807         8.78722264
498 348         9.06052284
496 156         10.2411212
496 64         23.1786501
496 50         26.3003505
496 524         26.6799482
496 410         26.8738314
496 418         28.3407087
496 704         30.3385505
496 764         31.7582638
454 508         4.23042465
454 894         6.51321871
454 834         6.96299804
454 716         7.28886697
454 108         10.8052328
454 646         12.0463342
454 748         13.6391452
454 72         13.8012162
807 8         1.69208523
807 300         2.30168426
807 688         2.59076961
807 499         2.71924535
807 100         3.72006854
807 70         4.67892443
807 642         5.35868657
807 792         5.63131754
466 854         5.37702431
466 478         7.40255254
466 288         9.67208601
466 204          9.6831717
466 768         9.89753168
466 384         9.92864583
466 324         10.1387261
466 686         11.3425954
504 620         7.97954595
504 724         8.94516002
504 12          9.6926746
504 478         12.2970109
504 466         14.7993706
504 788         16.0292036
504 250         17.1601652
504 686         19.3197513
478 686         7.19985467
478 466         7.40255254
478 270           8.479226
478 624         9.40839476
478 324         9.84070194
478 854         11.7268136
478 694         11.7807568
478 504         12.2970109
512 784         2.84397323
512 634         5.13008163
512 364         7.06841499
512 414         9.32921523
512 682         11.8541349
512 4         12.5167231
512 887         13.3716593
512 586         13.6993419
499 8         1.83950817
499 688           1.987151
499 70         2.01166355
499 807         2.71924535
499 191         3.68212117
499 348         4.37811081
499 300          4.7017551
499 705         5.54071548
484 320         14.6875449
484 84         15.3710319
484 222         17.0417656
484 340         17.7387138
484 558          20.707525
484 188         23.0453568
484 192          23.662669
484 170         23.7281462
458 96         3.61261975
458 116           13.19638
458 704          14.193895
458 418         17.3152253
458 626         17.7525375
458 764         17.7635725
458 360         21.6919795
458 410         31.1481002
508 454         4.23042465
508 716         5.94036812
508 894         8.63710853
508 748         10.1481911
508 834         11.0133584
508 72         12.7269685
508 426         14.3260803
508 108         15.0127137
562 566         7.93699984
562 148         9.49412002
562 204         10.5012543
562 120         12.2076857
562 768         12.2467168
562 854         12.2700657
562 12         12.6906996
562 434         12.9191265
566 204         5.76259123
566 120         6.06572186
566 226         6.14044807
566 768         7.20814463
566 562         7.93699984
566 288         9.45525815
566 854         10.2046234
566 266         10.8348405
528 56         1.90057554
528 442         2.51937559
528 276         4.85234993
528 756         6.02541554
528 208         6.34728248
528 250         6.47770176
528 40         9.66829915
528 203         9.98921197
578 246         6.53865141
578 752         12.1549438
578 233         12.3438358
578 428         14.1964462
578 440           15.80096
578 112         17.6470055
578 616         19.9339874
578 208         21.1983169
524 64           6.544705
524 356         6.89171166
524 50         7.68305382
524 586         14.6531732
524 762         16.4893899
524 4         18.7628263
524 764         21.5323163
524 156         21.5615305
740 328         3.13444495
740 862         10.6940646
740 76         15.2210125
740 212         20.7525378
740 68         22.6068444
740 604          22.749509
740 218         23.1554451
740 332         23.1953391
558 188         2.99204471
558 170         3.34449685
558 340         3.80993451
558 222          3.9353194
558 84         5.70100576
558 320          6.0423744
558 591         6.56679285
558 192         10.6659393
600 68         9.05364712
600 858         9.85480368
600 76         13.4780376
600 32         13.7188025
600 152         17.7791504
600 604         21.2965119
600 740         27.4746898
600 328         28.0343066
604 218         8.69523484
604 68         12.2961962
604 862         18.2254224
604 591         18.5796146
604 328          20.783402
604 600         21.2965119
604 76         21.3289868
604 188         21.5032569
586 4         5.12610141
586 762         8.71985324
586 356         12.4046746
586 860         13.3227212
586 512         13.6993419
586 524         14.6531732
586 364          15.441568
586 784         16.2219419
616 703         3.41828435
616 203         4.70918425
616 348         4.95812323
616 440         5.53030477
616 40         6.94343228
616 428         7.27772921
616 705         7.54567515
616 191         7.58589723
591 170         4.33896669
591 188         4.34495875
591 558         6.56679285
591 218         10.1078963
591 340         10.1183426
591 222         10.2093774
591 84         12.2315081
591 320         12.5290955
620 724         4.46078706
620 504         7.97954595
620 250           12.51769
620 372         13.4835037
620 12         15.6574348
620 56         16.7135713
620 442         17.2911282
620 756         17.6887509
598 626         25.0067959
598 458         33.8556806
598 96         35.5203095
598 410         43.7370704
598 116         46.9258201
598 704         46.9927872
598 418         50.0495168
598 764         51.3931568
624 270          1.4744732
624 686          2.3611461
624 324         4.30054127
624 694         4.69157778
624 430         7.93626594
624 478         9.40839476
624 384          10.362372
624 466         12.5749797
634 784         3.44619261
634 512         5.13008163
634 414         5.40505334
634 682         6.72946377
634 364         8.01446811
634 887         10.1439761
634 368         10.7163885
634 31         15.1835875
642 100         3.09337446
642 498         3.75578462
642 688         4.54081696
642 792          5.1363244
642 807         5.35868657
642 348         5.71113389
642 703         6.18111628
642 499         6.47991825
643 578         34.6366999
643 398         34.7000822
643 246         36.6671194
643 233         40.1196532
643 860         40.2823917
643 112         41.6349093
643 428         41.9235825
643 268         42.3914545
646 108         1.35862521
646 800          4.1034322
646 180         6.32394027
646 834          6.4944099
646 404         8.33207504
646 894         11.6495402
646 454         12.0463342
646 140         12.7453194
682 414         6.07470859
682 634         6.72946377
682 887         8.71496929
682 368          9.0591684
682 784          9.7518238
682 232         10.3983891
682 400         10.6337456
682 512         11.8541349
710 426         3.12990031
710 748         6.78712742
710 72          6.9580335
710 516         10.5083026
710 716         11.0586807
710 508         15.6804821
710 894         15.7757282
710 454         18.2464646
686 270         1.29634371
686 624          2.3611461
686 324         5.27891458
686 694         6.38874134
686 478         7.19985467
686 430         9.45153249
686 384         11.1708051
686 466         11.3425954
705 40         1.62173571
705 191         1.87175616
705 70         3.54758314
705 203         3.65531354
705 380         3.72376252
705 348         4.70398661
705 703         5.33293376
705 499         5.54071548
694 324         2.05012534
694 430         3.26045188
694 624         4.69157778
694 270         6.06849793
694 384         6.29857148
694 686         6.38874134
694 288         10.5943745
694 854         10.7068691
724 620         4.46078706
724 250         8.66489314
724 504         8.94516002
724 56         13.1400146
724 756         13.4211029
724 442         13.4527129
724 372         13.5808605
724 12         13.7057004
688 499           1.987151
688 807         2.59076961
688 8         2.98228066
688 70         3.02199159
688 348          3.4296511
688 191         4.52159339
688 642         4.54081696
688 100          4.6048358
736 232         8.92530187
736 231         10.8906009
736 148         11.4877659
736 140         12.0099621
736 818         12.6639711
736 262         12.6996158
736 800         12.7671479
736 404         15.4225652
752 208         9.05470967
752 246         9.70363031
752 233         10.0020843
752 428         10.1483779
752 440         10.3808806
752 616          11.044474
752 578         12.1549438
752 203         13.1733385
760 422         2.83612388
760 400         4.13390062
760 376         5.08757841
760 368         5.62165396
760 51          8.3249671
760 268         8.74267892
760 414         10.6975932
760 31         11.6993239
756 442         3.66296752
756 276         4.79532375
756 380         5.11034156
756 56         5.24364492
756 250         5.78095637
756 40         5.95841027
756 528         6.02541554
756 705         6.62698432
764 418         4.33623806
764 116         4.59671884
764 704         5.49841312
764 360         10.9142375
764 50          13.863306
764 64         16.2098295
764 96         17.2833928
764 458         17.7635725
762 4         6.86627825
762 860         8.50654367
762 586         8.71985324
762 398         10.4517716
762 524         16.4893899
762 356         17.8038225
762 364         17.8108072
762 512          19.370872
626 96         16.7888964
626 458         17.7525375
626 598         25.0067959
626 116         29.4196369
626 704         31.4905261
626 360         33.3882505
626 764         33.9057434
626 418          34.507463
768 204         1.76271424
768 288         2.25750797
768 854         4.62447033
768 384         6.59361963
768 566         7.20814463
768 226         9.22702769
768 466         9.89753168
768 430         10.4932438
788 12         9.12765487
788 380         9.76859397
788 434         11.0293754
788 8         12.6470542
788 756         12.7597796
788 70         12.9954871
788 191         12.9984573
788 499         13.0146711
792 100         2.56212804
792 300         5.06130329
792 642          5.1363244
792 807         5.63131754
792 498         6.02888221
792 688         7.07288629
792 8         7.25237318
792 499         8.20727309
834 108         5.71954753
834 646          6.4944099
834 454         6.96299804
834 404         7.45380522
834 800         7.92994688
834 894         10.0359104
834 508         11.0133584
834 180         11.6583988
800 646          4.1034322
800 108         5.26679569
800 404         5.52158505
800 834         7.92994688
800 180         9.66995618
800 231         10.3071669
800 736         12.7671479
800 140         13.0263161
826 372          10.513237
826 528         10.7236176
826 208         11.1052488
826 56         11.5271557
826 442         13.0019531
826 250         14.5116708
826 276         14.8292005
826 756         16.6594256
804 498         3.43667902
804 112         5.62267691
804 642         7.15959575
804 792         8.74421969
804 100         8.77641335
804 440         9.79405288
804 428         10.1574778
804 233         11.1534292
840 484         64.5741945
840 124         76.2631443
840 320         79.2189978
840 84         79.6265647
840 222         81.6061631
840 340         81.9163675
840 558         85.1792783
840 192         85.3426607
854 288         4.35083276
854 768         4.62447033
854 204         4.85728869
854 466         5.37702431
854 384         6.01220791
854 324         9.38373989
854 430         9.55291475
854 566         10.2046234
858 32         9.43646225
858 600         9.85480368
858 152         15.4814756
858 68         18.2674195
858 76         22.1553511
858 604         29.9309764
858 740         36.9261769
858 328         37.7082067
860 398          7.1712193
860 4          8.4117132
860 762         8.50654367
860 364         12.7128713
860 586         13.3227212
860 31         14.3130715
860 512         17.2021781
860 51         18.2812472
862 328         7.57023666
862 740         10.6940646
862 212         12.5451317
862 591         13.9846399
862 332         14.5157885
862 218         14.9106577
862 170         16.4454199
862 604         18.2254224
704 418         3.13349741
704 116         4.18560371
704 764         5.49841312
704 458          14.193895
704 96         14.7482184
704 360         15.4305496
704 50         17.5946746
704 64         19.1700871
516 72         6.59693048
516 710         10.5083026
516 716         13.0356898
516 426         13.3046519
516 894          13.685108
516 748         14.9504702
516 24         17.7412198
516 508         18.9699583
748 426         4.43873535
748 710         6.78712742
748 716         7.73530504
748 72         8.84368795
748 508         10.1481911
748 894         13.6215603
748 454         13.6391452
748 516         14.9504702
887 262         6.45522329
887 682         8.71496929
887 232         8.74235558
887 634         10.1439761
887 784         10.5307987
887 231          10.739113
887 512         13.3716593
887 414         13.4828802
894 716         5.92198126
894 454         6.51321871
894 508         8.63710853
894 72         9.59485486
894 834         10.0359104
894 108         10.3106616
894 180         11.3593491
894 646         11.6495402
716 894         5.92198126
716 508         5.94036812
716 72         6.84174456
716 454         7.28886697
716 748         7.73530504
716 426         10.7055387
716 710         11.0586807
716 516         13.0356898
